OpCode	Camera	MovieSeqIndex	StartTimeOffset	Format	Filename	Frames	Rate
MaOL1N	0	0	0.00000	0	MaOL1N_L461.avi	131173	60.00024
MaOL1N	1	0	0.00000	0	MaOL1N_L461.avi	131173	60.00024
MaOL1N	1	0	0.00000	0	MaOL1N_R462.avi	131012	60.00024
MaOL2N	0	0	0.00000	0	MaOL2N_L461.avi	174543	60.00024
MaOL2N	0	0	0.00000	0	MaOL2N_R462.avi	174383	60.00024
MaOL2N	1	0	0.00000	0	MaOL2N_R462.avi	174383	60.00024
MaOL2N	1	0	0.00000	0	MaOL2N_L461.avi	174543	60.00024
MaOL3W	0	0	0.00000	0	MaOL3W_L461.avi	131524	60.00024
MaOL3W	1	0	0.00000	0	MaOL3W_L461.avi	131524	60.00024
MaOL3W	1	0	0.00000	0	MaOL3W_R462.avi	131653	60.00024
MaOR1N	0	0	0.00000	0	MaOR1N_L461.avi	131905	59.94000
MaOR1N	0	0	0.00000	0	MaOR1N_R462.avi	129217	59.94000
MaOR1N	1	0	0.00000	0	MaOR1N_L461.avi	131905	59.94018
MaOR1N	1	0	0.00000	0	MaOR1N_R462.avi	129217	59.94018
MaOR2W	0	0	0.00000	0	MaOR2W_L461.avi	131585	59.94000
MaOR2W	0	0	0.00000	0	MaOR2W_R462.avi	172289	59.94000
MaOR2W	1	0	0.00000	0	MaOR2W_L461.avi	131585	59.94018
MaOR2W	1	0	0.00000	0	MaOR2W_R462.avi	172289	59.94018
MaOR3W	0	0	0.00000	0	MaOR3W_L461.avi	174767	60.00024
MaOR3W	1	0	0.00000	0	MaOR3W_L461.avi	174767	60.00024
MaOR3W	1	0	0.00000	0	MaOR3W_R462.avi	172493	60.00024
MoOR1S	0	0	0.00000	0	MoOR1S_L461.avi	86145	59.94000
MoOR1S	0	0	0.00000	0	MoOR1S_R462.avi	131425	59.94000
MoOR1S	1	0	0.00000	0	MoOR1S_R462.avi	131425	59.94000
MoOR1S	1	0	0.00000	0	MoOR1S_L461.avi	86145	59.94000
MoOR2S	0	0	0.00000	0	MoOR2S_L461.avi	111950	59.94000
MoOR2S	1	0	0.00000	0	MoOR2S_L461.avi	111950	59.94000
MoOR2S	1	0	0.00000	0	MoOR2S_R462.avi	125194	59.94000
MoOR3N	0	0	0.00000	0	MoOR3N_L461.avi	129217	59.94000
MoOR3N	0	0	0.00000	0	MoOR3N_R462.avi	130753	59.94000
MoOR3N	1	0	0.00000	0	MoOR3N_R462.avi	130753	59.94000
MoOR3N	1	0	0.00000	0	MoOR3N_L461.avi	129217	59.94000
MoOR4N	0	0	0.00000	0	MoOR4N_L461.avi	86177	59.94000
MoOR4N	0	0	0.00000	0	MoOR4N_R462.avi	87169	59.94000
MoOR4N	1	0	0.00000	0	MoOR4N_L461.avi	86177	59.94000
MoOR4N	1	0	0.00000	0	MoOR4N_R462.avi	87169	59.94000
NOL1S	0	0	0.00000	0	NOL1S_L461.avi	173601	59.94018
NOL1S	0	0	0.00000	0	NOL1S_R462.avi	172353	59.94018
NOL1S	1	0	0.00000	0	NOL1S_R462.avi	172353	59.94018
NOL1S	1	0	0.00000	0	NOL1S_L461.avi	173601	59.94018
NOL2S	0	0	0.00000	0	NOL2S_L461.avi	174401	59.94000
NOL2S	0	0	0.00000	0	NOL2S_R462.avi	172289	59.94000
NOL2S	1	0	0.00000	0	NOL2S_R462.avi	172289	59.94000
NOL2S	1	0	0.00000	0	NOL2S_L461.avi	174401	59.94000
NOL4S	0	0	0.00000	0	NOL4S_L461.avi	129747	59.94000
NOL4S	0	0	0.00000	0	NOL4S_R462.avi	127928	59.94000
NOL4S	1	0	0.00000	0	NOL4S_R462.avi	127928	59.94000
NOL4S	1	0	0.00000	0	NOL4S_L461.avi	129747	59.94000
NOR2S	0	0	0.00000	0	NOR2S_L461.avi	129346	60.00024
NOR2S	1	0	0.00000	0	NOR2S_L461.avi	129346	60.00024
NOR2S	1	0	0.00000	0	NOR2S_R462.avi	129346	60.00024
NOR3S	0	0	0.00000	0	NOR3S_L461.avi	86231	60.00024
NOR3S	1	0	0.00000	0	NOR3S_L461.avi	86231	60.00024
NOR3S	1	0	0.00000	0	NOR3S_R462.avi	86263	60.00024
POL3W	0	0	0.00000	0	POL3W_L461.avi	176001	59.94018
POL3W	0	0	0.00000	0	POL3W_R462.avi	172289	59.94018
POL3W	0	0	0.00000	0	POL3W_L461.avi	176002	59.94018
POL3W	1	0	0.00000	0	POL3W_R462.avi	172289	59.94018
POL3W	1	0	0.00000	0	POL3W_R462.avi	172290	59.94018
POL4W	0	0	0.00000	0	POL4W_L461.avi	174465	59.94018
POL4W	0	0	0.00000	0	POL4W_L461.avi	174466	59.94018
POL4W	1	0	0.00000	0	POL4W_L461.avi	174465	59.94018
POL4W	1	0	0.00000	0	POL4W_R462.avi	172289	59.94018
POL4W	1	0	0.00000	0	POL4W_R462.avi	172290	59.94018
TaOL1N	0	0	0.00000	0	TaOL1N_L461.avi	131173	60.00024
TaOL1N	0	0	0.00000	0	TaOL1N_R462.avi	131300	60.00024
TaOL1N	1	0	0.00000	0	TaOL1N_R462.avi	131300	60.00024
TaOL1N	1	0	0.00000	0	TaOL1N_L461.avi	131173	60.00024
TaOR1S	0	0	0.00000	0	TaOR1S_L461.avi	130467	60.00024
TaOR1S	1	0	0.00000	0	TaOR1S_L461.avi	130467	60.00024
TaOR1S	1	0	0.00000	0	TaOR1S_R462.avi	129346	60.00024
TeOL4N	0	0	0.00000	0	TeOL4N_L461.avi	86551	60.00024
TeOL4N	0	0	0.00000	0	TeOL4N_R462.avi	129346	60.00024
TeOL4N	1	0	0.00000	0	TeOL4N_L461.avi	86551	60.00024
TeOL4N	1	0	0.00000	0	TeOL4N_R462.avi	129346	60.00024
TeOR1N	0	0	0.00000	0	TeOR1N_L461.avi	129346	60.00024
TeOR1N	1	0	0.00000	0	TeOR1N_R462.avi	129346	60.00024
TeOR1N	1	0	0.00000	0	TeOR1N_L461.avi	129346	60.00024
TeOR2N	0	0	0.00000	0	TeOR2N_L461.avi	172461	60.00024
TeOR2N	0	0	0.00000	0	TeOR2N_R462.avi	172461	60.00024
TeOR2N	1	0	0.00000	0	TeOR2N_R462.avi	172461	60.00024
TeOR3S	0	0	0.00000	0	TeOR3S_L461.avi	129346	60.00000
TeOR3S	0	0	0.00000	0	TeOR3S_R462.avi	129346	60.00000
TeOR3S	1	0	0.00000	0	TeOR3S_R462.avi	129346	60.00000
TeOR3S	1	0	0.00000	0	TeOR3S_L461.avi	129346	60.00000
TiOL2E	0	0	0.00000	0	TiOL2E_L461.avi	173537	59.94018
TiOL2E	0	0	0.00000	0	TiOL2E_L461.avi	173538	59.94018
TiOL2E	1	0	0.00000	0	TiOL2E_L461.avi	173537	59.94018
TiOL2E	1	0	0.00000	0	TiOL2E_R462.avi	215361	59.94018
TiOL2E	1	0	0.00000	0	TiOL2E_R462.avi	215362	59.94018
TiOL3W	0	0	0.00000	0	TiOL3W_L461.avi	131361	59.94018
TiOL3W	1	0	0.00000	0	TiOL3W_L461.avi	131361	59.94018
TiOL3W	1	0	0.00000	0	TiOL3W_R462.avi	129249	59.94018
TiOL4W	0	0	0.00000	0	TiOL4W_L461.avi	130849	59.94018
TiOL4W	1	0	0.00000	0	TiOL4W_L461.avi	130849	59.94018
TiOL4W	1	0	0.00000	0	TiOL4W_R462.avi	129217	59.94018
TiOL5	0	0	0.00000	0	TiOL5_L461.avi	129217	59.94018
TiOL5	0	0	0.00000	0	TiOL5_R462.avi	128078	59.94018
TiOL5	1	0	0.00000	0	TiOL5_L461.avi	129217	59.94018
TiOL5	1	0	0.00000	0	TiOL5_R462.avi	128078	59.94018
TiOR1W	0	0	0.00000	0	TiOR1W_L461.avi	130625	59.94000
TiOR1W	1	0	0.00000	0	TiOR1W_L461.avi	130625	59.94000
TiOR1W	1	0	0.00000	0	TiOR1W_R462.avi	130529	59.94000
TiOR2E	0	0	0.00000	0	TiOR2E_L461.avi	129217	59.94000
TiOR2E	1	0	0.00000	0	TiOR2E_L461.avi	129217	59.94000
TiOR2E	1	0	0.00000	0	TiOR2E_R462.avi	86145	59.94000
TiOR3E	0	0	0.00000	0	TiOR3E_L461.avi	129217	59.94000
TiOR3E	1	0	0.00000	0	TiOR3E_L461.avi	129217	59.94000
TiOR3E	1	0	0.00000	0	TiOR3E_R462.avi	129249	59.94000
TiOR4E	0	0	0.00000	0	TiOR4E_L461.avi	86145	59.94000
TiOR4E	1	0	0.00000	0	TiOR4E_L461.avi	86145	59.94000
TiOR4E	1	0	0.00000	0	TiOR4E_R462.avi	129281	59.94000
